277797595
479346459
546887060
529318112
888676494
381053781
717374346
297427391
865631374
559103113
612635558
59062660
372828229
625737568
339267368
801752571
747880741
844871353
753593878
872231685
345640329
89160204
726569172
149579395
381053781
62300436
881231331
502147619
307639524
666029465
277797595
479346459
546887060
529318112
888676494
381053781
717374346
297427391
865631374
559103113
612635558
59062660
372828229
625737568
339267368
801752571
747880741
844871353
753593878
872231685
345640329
89160204
726569172
149579395
381053781
62300436
881231331
502147619
307639524
666029465
277797595
479346459
546887060
529318112
888676494
381053781
717374346
297427391
865631374
559103113
612635558
59062660
372828229
625737568
339267368
801752571
747880741
844871353
753593878
872231685
345640329
89160204
726569172
149579395
381053781
62300436
881231331
502147619
307639524
666029465
