k = 2[ 16 16 ]
16
k = 3[ 11 11 10 ]
11
k = 4[ 8 8 8 8 ]
8
k = 5[ 7 5 5 7 8 ]
7
k = 6[ 7 4 2 4 7 8 ]
7
k = 7[ 7 4 1 1 4 7 8 ]
7
k = 8[ 7 4 1 0 1 4 7 8 ]
7
k = 9[ 7 4 1 0 0 1 4 7 8 ]
7
k = 10[ 7 4 1 0 0 0 1 4 7 8 ]
7
k = 11[ 7 4 1 0 0 0 0 1 4 7 8 ]
7
k = 12[ 7 4 1 0 0 0 0 0 1 4 7 8 ]
7
k = 13[ 7 4 1 0 0 0 0 0 0 1 4 7 8 ]
7
k = 14[ 7 4 1 0 0 0 0 0 0 0 1 4 7 8 ]
7
k = 15[ 7 4 1 0 0 0 0 0 0 0 0 1 4 7 8 ]
7
k = 16[ 7 4 1 0 0 0 0 0 0 0 0 0 1 4 7 8 ]
7
k = 17[ 7 4 1 0 0 0 0 0 0 0 0 0 0 1 4 7 8 ]
7
k = 18[ 7 4 1 0 0 0 0 0 0 0 0 0 0 0 1 4 7 8 ]
7
k = 19[ 7 4 1 0 0 0 0 0 0 0 0 0 0 0 0 1 4 7 8 ]
7
k = 20[ 7 4 1 0 0 0 0 0 0 0 0 0 0 0 0 0 1 4 7 8 ]
7
k = 2[ 16 16 ]
16
k = 3[ 12 10 10 ]
12
k = 4[ 8 8 8 8 ]
8
k = 5[ 8 6 6 6 6 ]
8
k = 6[ 6 5 5 6 5 5 ]
6
k = 7[ 5 5 4 5 4 5 4 ]
5
k = 8[ 4 4 4 4 4 4 4 4 ]
4
k = 9[ 4 4 3 4 3 4 4 3 3 ]
4
k = 10[ 4 3 3 3 3 4 3 3 3 3 ]
4
k = 11[ 3 3 2 3 3 3 3 3 3 3 3 ]
3
k = 12[ 3 2 2 3 2 3 3 3 3 3 3 2 ]
3
k = 13[ 2 2 2 2 2 3 3 3 3 3 3 2 2 ]
2
k = 14[ 2 2 1 2 2 3 3 3 3 3 3 2 2 1 ]
2
k = 15[ 2 1 1 2 2 3 3 3 3 3 3 2 2 1 1 ]
2
k = 16[ 1 1 1 2 2 3 3 3 3 3 3 2 2 1 1 1 ]
1
k = 17[ 1 1 1 2 2 3 3 3 3 3 3 2 2 1 1 1 0 ]
1
k = 18[ 1 1 1 2 2 3 3 3 3 3 3 2 2 1 1 1 0 0 ]
1
k = 19[ 1 1 1 2 2 3 3 3 3 3 3 2 2 1 1 1 0 0 0 ]
1
k = 20[ 1 1 1 2 2 3 3 3 3 3 3 2 2 1 1 1 0 0 0 0 ]
1
k = 21[ 1 1 1 2 2 3 3 3 3 3 3 2 2 1 1 1 0 0 0 0 0 ]
1
k = 22[ 1 1 1 2 2 3 3 3 3 3 3 2 2 1 1 1 0 0 0 0 0 0 ]
1
k = 23[ 1 1 1 2 2 3 3 3 3 3 3 2 2 1 1 1 0 0 0 0 0 0 0 ]
1
k = 24[ 1 1 1 2 2 3 3 3 3 3 3 2 2 1 1 1 0 0 0 0 0 0 0 0 ]
1
k = 25[ 1 1 1 2 2 3 3 3 3 3 3 2 2 1 1 1 0 0 0 0 0 0 0 0 0 ]
1
k = 2[ 512 512 ]
512
k = 3[ 344 344 336 ]
344
k = 4[ 256 256 256 256 ]
256
k = 5[ 208 204 204 204 204 ]
208
k = 6[ 172 172 168 172 172 168 ]
172
k = 7[ 146 146 146 148 146 146 146 ]
146
k = 8[ 128 128 128 128 128 128 128 128 ]
128
k = 9[ 116 116 112 114 114 112 114 114 112 ]
116
k = 10[ 104 102 102 102 102 104 102 102 102 102 ]
104
k = 11[ 94 93 93 93 93 93 93 93 93 93 93 ]
94
k = 12[ 86 86 84 86 86 84 86 86 84 86 86 84 ]
86
k = 13[ 79 79 79 79 78 79 79 79 78 79 79 79 78 ]
79
k = 14[ 73 73 73 74 73 73 73 73 73 73 74 73 73 73 ]
73
k = 15[ 70 69 67 69 68 68 68 69 67 69 70 67 68 68 67 ]
70
k = 16[ 64 64 64 64 64 64 64 64 64 64 64 64 64 64 64 64 ]
64
k = 17[ 60 61 60 61 60 60 60 60 60 60 61 61 60 60 60 60 60 ]
60
k = 18[ 58 58 56 57 57 56 57 57 56 58 58 56 57 57 56 57 57 56 ]
58
k = 19[ 54 54 54 54 53 54 54 54 54 54 54 54 54 53 54 54 54 54 54 ]
54
k = 20[ 52 51 51 51 51 52 51 51 51 51 52 51 51 51 51 52 51 51 51 51 ]
52
k = 21[ 49 49 48 50 49 48 49 49 48 49 50 48 49 49 48 49 49 48 49 49 48 ]
49
k = 22[ 47 47 47 47 46 47 47 46 47 47 47 47 46 46 46 47 46 46 47 46 46 46 ]
47
k = 23[ 45 45 45 45 45 45 45 45 45 45 45 44 44 44 44 44 44 44 44 44 44 44 45 ]
45
k = 24[ 44 44 43 44 44 43 44 44 42 43 43 42 42 42 41 42 42 41 42 42 42 43 43 42 ]
44
k = 25[ 43 42 43 43 42 43 42 41 41 41 41 40 40 39 39 40 39 39 40 40 41 41 41 41 42 ]
43
k = 26[ 42 42 42 42 41 41 40 40 39 39 39 38 37 37 37 37 37 37 38 39 39 39 40 40 41 41 ]
42
k = 27[ 42 42 40 41 40 39 39 38 37 37 37 35 35 35 34 35 35 35 37 37 37 38 39 39 40 41 40 ]
42
k = 28[ 41 40 40 40 38 38 37 36 35 35 34 33 33 32 32 33 33 34 35 35 36 37 38 38 40 40 40 41 ]
41
k = 29[ 40 40 39 38 37 36 35 34 33 32 32 31 30 30 30 31 32 32 33 34 35 36 37 38 39 40 40 40 40 ]
40
k = 30[ 40 39 37 37 35 34 33 32 30 30 30 28 28 28 28 30 30 30 32 33 34 35 37 37 39 40 39 40 40 39 ]
40
k = 31[ 39 37 36 35 33 32 31 29 28 28 27 26 26 26 27 28 28 29 31 32 33 35 36 37 39 39 39 40 40 39 39 ]
39
k = 32[ 37 36 34 33 31 30 28 27 26 25 25 24 24 25 25 26 27 28 30 31 33 34 36 37 38 39 39 40 40 39 39 38 ]
37
k = 33[ 36 34 32 31 29 27 26 25 23 23 23 22 23 23 23 25 26 27 29 31 32 34 36 36 38 39 39 40 40 39 39 38 36 ]
36
k = 34[ 34 32 30 29 26 25 24 22 21 21 21 21 21 21 22 24 25 26 29 30 32 34 35 36 38 39 39 40 40 39 39 38 36 35 ]
34
k = 35[ 32 30 28 26 24 23 21 20 19 19 20 19 19 20 21 23 24 26 28 30 32 33 35 36 38 39 39 40 40 39 39 38 36 35 33 ]
32
k = 36[ 30 28 25 24 22 20 19 18 17 18 18 17 18 19 20 22 24 25 28 30 31 33 35 36 38 39 39 40 40 39 39 38 36 35 33 31 ]
30
k = 37[ 28 25 23 22 19 18 17 16 16 16 16 16 17 18 19 22 23 25 28 29 31 33 35 36 38 39 39 40 40 39 39 38 36 35 33 31 29 ]
28
k = 38[ 25 23 21 19 17 16 15 15 14 14 15 15 16 17 19 21 23 25 27 29 31 33 35 36 38 39 39 40 40 39 39 38 36 35 33 31 29 27 ]
25
k = 39[ 23 21 18 17 15 14 14 13 12 13 14 14 15 17 18 21 23 24 27 29 31 33 35 36 38 39 39 40 40 39 39 38 36 35 33 31 29 27 24 ]
23
k = 40[ 21 18 16 15 13 13 12 11 11 12 13 13 15 16 18 21 22 24 27 29 31 33 35 36 38 39 39 40 40 39 39 38 36 35 33 31 29 27 24 22 ]
21
k = 41[ 18 16 14 13 12 11 10 10 10 11 12 13 14 16 18 20 22 24 27 29 31 33 35 36 38 39 39 40 40 39 39 38 36 35 33 31 29 27 24 22 20 ]
18
k = 42[ 16 14 12 12 10 9 9 9 9 10 12 12 14 16 17 20 22 24 27 29 31 33 35 36 38 39 39 40 40 39 39 38 36 35 33 31 29 27 24 22 20 17 ]
16
k = 43[ 14 12 11 10 8 8 8 8 8 10 11 12 14 15 17 20 22 24 27 29 31 33 35 36 38 39 39 40 40 39 39 38 36 35 33 31 29 27 24 22 20 17 15 ]
14
k = 44[ 12 11 9 8 7 7 7 7 8 9 11 12 13 15 17 20 22 24 27 29 31 33 35 36 38 39 39 40 40 39 39 38 36 35 33 31 29 27 24 22 20 17 15 13 ]
12
k = 45[ 11 9 7 7 6 6 6 7 7 9 11 11 13 15 17 20 22 24 27 29 31 33 35 36 38 39 39 40 40 39 39 38 36 35 33 31 29 27 24 22 20 17 15 13 11 ]
11
k = 46[ 9 7 6 6 5 5 6 6 7 9 10 11 13 15 17 20 22 24 27 29 31 33 35 36 38 39 39 40 40 39 39 38 36 35 33 31 29 27 24 22 20 17 15 13 11 10 ]
9
k = 47[ 7 6 5 5 4 5 5 6 7 8 10 11 13 15 17 20 22 24 27 29 31 33 35 36 38 39 39 40 40 39 39 38 36 35 33 31 29 27 24 22 20 17 15 13 11 10 8 ]
7
k = 48[ 6 5 4 4 4 4 5 6 6 8 10 11 13 15 17 20 22 24 27 29 31 33 35 36 38 39 39 40 40 39 39 38 36 35 33 31 29 27 24 22 20 17 15 13 11 10 8 6 ]
6
k = 49[ 5 4 3 4 3 4 5 5 6 8 10 11 13 15 17 20 22 24 27 29 31 33 35 36 38 39 39 40 40 39 39 38 36 35 33 31 29 27 24 22 20 17 15 13 11 10 8 6 5 ]
5
k = 50[ 4 3 3 3 3 4 4 5 6 8 10 11 13 15 17 20 22 24 27 29 31 33 35 36 38 39 39 40 40 39 39 38 36 35 33 31 29 27 24 22 20 17 15 13 11 10 8 6 5 4 ]
4
k = 51[ 3 3 2 3 3 3 4 5 6 8 10 11 13 15 17 20 22 24 27 29 31 33 35 36 38 39 39 40 40 39 39 38 36 35 33 31 29 27 24 22 20 17 15 13 11 10 8 6 5 4 3 ]
3
k = 52[ 3 2 2 3 2 3 4 5 6 8 10 11 13 15 17 20 22 24 27 29 31 33 35 36 38 39 39 40 40 39 39 38 36 35 33 31 29 27 24 22 20 17 15 13 11 10 8 6 5 4 3 2 ]
3
k = 53[ 2 2 2 2 2 3 4 5 6 8 10 11 13 15 17 20 22 24 27 29 31 33 35 36 38 39 39 40 40 39 39 38 36 35 33 31 29 27 24 22 20 17 15 13 11 10 8 6 5 4 3 2 2 ]
2
k = 54[ 2 2 1 2 2 3 4 5 6 8 10 11 13 15 17 20 22 24 27 29 31 33 35 36 38 39 39 40 40 39 39 38 36 35 33 31 29 27 24 22 20 17 15 13 11 10 8 6 5 4 3 2 2 1 ]
2
k = 55[ 2 1 1 2 2 3 4 5 6 8 10 11 13 15 17 20 22 24 27 29 31 33 35 36 38 39 39 40 40 39 39 38 36 35 33 31 29 27 24 22 20 17 15 13 11 10 8 6 5 4 3 2 2 1 1 ]
2
k = 56[ 1 1 1 2 2 3 4 5 6 8 10 11 13 15 17 20 22 24 27 29 31 33 35 36 38 39 39 40 40 39 39 38 36 35 33 31 29 27 24 22 20 17 15 13 11 10 8 6 5 4 3 2 2 1 1 1 ]
1
k = 57[ 1 1 1 2 2 3 4 5 6 8 10 11 13 15 17 20 22 24 27 29 31 33 35 36 38 39 39 40 40 39 39 38 36 35 33 31 29 27 24 22 20 17 15 13 11 10 8 6 5 4 3 2 2 1 1 1 0 ]
1
k = 58[ 1 1 1 2 2 3 4 5 6 8 10 11 13 15 17 20 22 24 27 29 31 33 35 36 38 39 39 40 40 39 39 38 36 35 33 31 29 27 24 22 20 17 15 13 11 10 8 6 5 4 3 2 2 1 1 1 0 0 ]
1
k = 59[ 1 1 1 2 2 3 4 5 6 8 10 11 13 15 17 20 22 24 27 29 31 33 35 36 38 39 39 40 40 39 39 38 36 35 33 31 29 27 24 22 20 17 15 13 11 10 8 6 5 4 3 2 2 1 1 1 0 0 0 ]
1
k = 60[ 1 1 1 2 2 3 4 5 6 8 10 11 13 15 17 20 22 24 27 29 31 33 35 36 38 39 39 40 40 39 39 38 36 35 33 31 29 27 24 22 20 17 15 13 11 10 8 6 5 4 3 2 2 1 1 1 0 0 0 0 ]
1
k = 61[ 1 1 1 2 2 3 4 5 6 8 10 11 13 15 17 20 22 24 27 29 31 33 35 36 38 39 39 40 40 39 39 38 36 35 33 31 29 27 24 22 20 17 15 13 11 10 8 6 5 4 3 2 2 1 1 1 0 0 0 0 0 ]
1
k = 62[ 1 1 1 2 2 3 4 5 6 8 10 11 13 15 17 20 22 24 27 29 31 33 35 36 38 39 39 40 40 39 39 38 36 35 33 31 29 27 24 22 20 17 15 13 11 10 8 6 5 4 3 2 2 1 1 1 0 0 0 0 0 0 ]
1
k = 63[ 1 1 1 2 2 3 4 5 6 8 10 11 13 15 17 20 22 24 27 29 31 33 35 36 38 39 39 40 40 39 39 38 36 35 33 31 29 27 24 22 20 17 15 13 11 10 8 6 5 4 3 2 2 1 1 1 0 0 0 0 0 0 0 ]
1
k = 64[ 1 1 1 2 2 3 4 5 6 8 10 11 13 15 17 20 22 24 27 29 31 33 35 36 38 39 39 40 40 39 39 38 36 35 33 31 29 27 24 22 20 17 15 13 11 10 8 6 5 4 3 2 2 1 1 1 0 0 0 0 0 0 0 0 ]
1
k = 65[ 1 1 1 2 2 3 4 5 6 8 10 11 13 15 17 20 22 24 27 29 31 33 35 36 38 39 39 40 40 39 39 38 36 35 33 31 29 27 24 22 20 17 15 13 11 10 8 6 5 4 3 2 2 1 1 1 0 0 0 0 0 0 0 0 0 ]
1
k = 66[ 1 1 1 2 2 3 4 5 6 8 10 11 13 15 17 20 22 24 27 29 31 33 35 36 38 39 39 40 40 39 39 38 36 35 33 31 29 27 24 22 20 17 15 13 11 10 8 6 5 4 3 2 2 1 1 1 0 0 0 0 0 0 0 0 0 0 ]
1
k = 67[ 1 1 1 2 2 3 4 5 6 8 10 11 13 15 17 20 22 24 27 29 31 33 35 36 38 39 39 40 40 39 39 38 36 35 33 31 29 27 24 22 20 17 15 13 11 10 8 6 5 4 3 2 2 1 1 1 0 0 0 0 0 0 0 0 0 0 0 ]
1
k = 68[ 1 1 1 2 2 3 4 5 6 8 10 11 13 15 17 20 22 24 27 29 31 33 35 36 38 39 39 40 40 39 39 38 36 35 33 31 29 27 24 22 20 17 15 13 11 10 8 6 5 4 3 2 2 1 1 1 0 0 0 0 0 0 0 0 0 0 0 0 ]
1
k = 69[ 1 1 1 2 2 3 4 5 6 8 10 11 13 15 17 20 22 24 27 29 31 33 35 36 38 39 39 40 40 39 39 38 36 35 33 31 29 27 24 22 20 17 15 13 11 10 8 6 5 4 3 2 2 1 1 1 0 0 0 0 0 0 0 0 0 0 0 0 0 ]
1
k = 70[ 1 1 1 2 2 3 4 5 6 8 10 11 13 15 17 20 22 24 27 29 31 33 35 36 38 39 39 40 40 39 39 38 36 35 33 31 29 27 24 22 20 17 15 13 11 10 8 6 5 4 3 2 2 1 1 1 0 0 0 0 0 0 0 0 0 0 0 0 0 0 ]
1
