 811 710 3 4 8 6 810 4 5 4 7 5 6 8 6 5 5 6 7 6 4 6 5 4 8 3 511 5 3 4 7 5 3 8 7 3 4 7 9 4 7 4 311 7 7 2 5 6 4 1 5 6 3 5 8 6 410 3 3 3 5 8 310 5 4 6 6 7 710 1 7 8 4 3 7 515 210 7 31110 6 4 810 6 6 5 6 5
 5 6 9 7 4 5 7 7 7 811 5 510 7 9 8 7 5 8 9 8 710 5 5 2 8 4 2 5 6 5 3 7 7 4 8 2 2 6 8 6 6 4 5 7 710 4 3 5 8 6 7 8 4 7 7 4 9 3 3 7 6 7 4 8 4 8 4 4 4 2 8 6 3 6 4 5 9 4 5 7 4 5 6 6 5 6 7 6 6 7 6 713 5 8 6
 5 8 5 7 7 7 4 5 8 9 7 5 8 7 7 6 8 7 6 7 710 5 9 6 6 9 3 8 7 3 7 5 9 5 4 4 6 6 8 6 5 5 710 3 2 4 6 7 5 6 911 5 610 6 6 8 8 2 8 8 6 5 5 210 8 7 5 5 3 1 4 9 6 6 6 4 3 7 7 7 6 6 6 8 6 7 8 4 4 5 4 7 5 410
 3 8 910 5 9 4 5 4 5 4 7 6 810 5 2 4 6 6 610 5 7 8 5 8 4 8 7 9 6 4 3 710 7 8 5 8 8 6 7 4 4 5 811 7 811 2 6 9 8 6 9 8 5 8 4 7 81010 6 5 8 4 9 5 210 6 3 5 411 5 2 8 6 5 5 6 3 5 911 3 2 7 5 8 4 6 5 3 8 4
 5 5 3 6 8 5 3 5 6 4 7 715 4 8 6 6 5 8 9 3 7 6 9 712 7 8 7 5 4 7 3 1 3 5 6 5 4 8 2 9 7 6 9 3 6 5 910 6 6 6 7 4 7 8 8 5 6 4 4 3 7 4 2 4 210 9 9 7 4 6 7 7 8 7 4 6 615 4 5 7 5 7 5 8 5 6 4 5 6 6 6 4 3 5 3
 8 9 5 5 8 6 7 5 412 6 6 6 6 5 6 4 5 6 5 5 5 4 5 8 8 5 6 4 7 6 5 7 9 4 4 9 6 7 6 7 710 6 4 6 111 6 1 2 210 8 6 5 6 8 9 6 6 3 6 6 2 7 7 7 5 6 4 6 6 6 7 8 5 5 411 5 6 2 8 4 5 3 5 7 8 2 5 5 7 9 4 7 5 7 7
 7 6 3 7 5 5 5 910 413 8 6 5 4 7 5 2 4 8 9 5 6 8 5 6 3 9 9 6 4 9 4 3 4 7 6 8 4 7 5 7 4 3 3 8 6 5 412 8 110 4 6 3 3 8 6 5 7 4 811 6 5 2 510 7 4 6 5 7 2 5 6 4 6 8 5 3 4 6 5 3 7 7 5 6 4 6 9 6 7 2 5 7 8 5
 4 7 3 4 5 310 411 9 4 8 5 9 6 8 6 810 6 7 9 8 4 4 6 5 6 5 3 3 6 8 8 4 9 6 6 7 612 2 5 4 6 5 5 9 7 8 6 6 4 8 7 6 5 8 4 8 4 5 8 5 511 3 6 3 6 1 710 5 7 6 6 5 7 8 5 6 6 410 4 7 7 4 3 5 2 6 4 9 4 5 4 5 6
 4 7 7 6 9 71010 6 6 4 8 6 4 2 3 8 7 510 6 7 2 7 7 3 9 3 7 9 3 7 8 8 410 8 7 7 5 5 8 9 4 3 6 7 5 5 5 7 7 4 5 6 7 6 5 9 7 3 5 5 610 7 9 5 4 5 410 911 6 7 8 4 7 5 7 8 8 7 8 6 2 6 4 4 5 4 6 9 3 8 5 5 3 7
 6 4 4 7 7 5 9 7 6 6 6 9 4 3 3 3 4 3 8 5 3 4 9 9 610 8 8 5 6 5 3 7 6 2 8 6 5 8 7 4 2 8 7 4 6 9 6 511 7 5 4 7 4 7 41110 8 8 7 5 6 6 4 7 7 8 6 6 9 5 3 7 9 6 4 310 4 9 7 7 7 7 7 6 413 7 6 7 6 2 8 5 7 6 4
 8 7 6 8 5 9 4 8 4 3 8 6 5 6 5 6 6 8 2 6 6 5 4 5 3 215 4 4 2 8 9 8 6 4 8 5 5 9 5 7 5 410 8 5 2 9 8 8 7 4 7 3 6 5 9 6 9 3 4 6 8 4 7 5 5 4 8 6 6 4 5 3 5 710 3 4 4 5 8 5 8 6 2 7 8 8 8 8 4 7 8 5 6 5 8 7 7
 4 8 5 3 7 8 7 3 7 5 3 8 7 511 5 5 5 7 7 7 5 7 3 3 5 7 5 8 7 5 7 5 4 7 9 4 5 4 5 8 3 3 3 6 711 3 3 8 6 3 1 7 2 5 8 5 1 3 2 7 4 8 3 6 5 3 6 5 4 6 5 6 8 7 4 7 7 7 2 7 2 3 4 9 6 7 3 6 6 7 7 8 3 5 6 6 7 5
 3 8 2 5 6 710 8 7 5 4 711 6 8 4 8 5 6 2 2 6 7 4 6 5 5 6 8 7 9 611 6 510 9 6 9 8 6 8 9 7 8 7 3 6 6 5 5 610 3 7 7 7 8 5 4 5 6 6 8 6 5 4 6 5 8 3 9 6 6 3 6 3 5 4 6 5 4 5 4 8 9 7 8 7 8 6 5 5 7 711 4 7 6 6
 7 5 8 3 3 3 6 5 7 1 4 3 5 5 4 7 2 7 5 5 7 7 4 1 510 6 8 5 411 5 8 7 8 9 615 3 4 4 6 7 5 8 5 5 7 7 810 7 6 8 3 7 511 4 3 3 8 4 2 9 2 6 6 4 3 7 7 7 1 6 5 5 7 3 3 5 3 7 3 3 6 4 515 6 3 3 6 8 6 7 9 7 5 6
 4 61010 6 9 2 7 7 5 7 8 310 4 5 3 3 610 6 6 610 6 5 4 4 3 4 4 5 6 2 5 5 6 4 6 3 4 8 6 5 6 8 2 1 4 7 810 5 9 3 5 5 9 6 2 7 3 8 7 3 7 6 5 3 7 3 6 9 4 4 3 4 4 4 5 6 4 6 7 4 710 7 9 6 5 7 2 7 7 5 8 6 9 5
 4 511 6 3 6 515 910 8 8 610 5 7 8 7 8 8 6 3 7 8 7 410 7 6 1 8 6 8 510 2 7 611 5 3 3 7 5 9 9 6 5 4 7 3 2 810 3 4 6 6 5 5 8 4 9 7 8 5 8 8 8 812 713 6 5 8 5 7 3 9 6 6 7 711 7 7 5 7 1 3 6 7 6 9 510 9 6 5
 5 2 4 6 9 5 6 8 8 6 8 7 8 4 3 61010 5 6 5 8 7 8 4 4 4 610 7 7 6 5 4 7 3 6 6 4 9 9 5 6 4 5 7 710 8 7 7 2 7 7 7 5 2 3 5 5 2 3 2 6 5 7 8 4 4 6 4 7 9 7 4 6 610 910 7 7 5 7 7 6 710 713 8 5 8 3 5 5 3 3 6 6
 7 6 8 4 8 4 5 9 5 6 6 615 8 3 5 8 711 810 8 5 7 5 8 2 5 6 4 5 2 1 6 8 8 2 3 6 6 9 4 6 7 8 4 3 4 3 4 3 5 5 7 5 4 4 6 510 8 5 6 7 8 7 6 7 7 7 5 9 6 5 811 5 2 310 510 4 4 8 4 8 711 7 3 6 6 5 8 5 3 5 8 7
10 6 6 5 6 7 9 6 6 4 8 8 5 3 7 5 5 6 9 3 7 4 5 7 8 5 310 4 6 8 6 6 4 4 4 9 5 4 3 4 5 5 3 5 6 8 3 8 9 4 8 5 4 3 4 6 5 3 5 7 7 5 4 615 7 7 9 6 6 611 7 4 8 8 5 9 2 8 4 7 9 6 5 5 7 210 3 2 7 511 4 8 6 4 9
10 5 6 8 4 7 8 8 7 6 6 7 6 5 7 7 3 7 715 5 8 6 5 7 7 5 8 7 9 6 4 7 61110 7 4 8 2 3 5 8 4 6 6 6 7 8 7 7 410 4 4 5 7 8 7 5 5 8 3 9 5 5 6 5 6 9 7 5 7 4 9 4 8 8 6 6 6 2 5 6 6 411 4 3 6 4 3 4 6 6 7 413 3 8
 5 5 2 5 4 6 6 6 2 6 6 7 5 4 8 4 6 7 8 3 6 6 7 5 7 813 5 5 9 5 6 7 7 5 7 8 6 8 5 2 7 2 9 3 6 9 9 7 7 3 4 5 9 410 611 510 8 7 3 6 4 4 4 3 1 4 7 8 6 7 7 6 9 4 6 3 7 6 5 7 4 710 6 1 3 7 5 3 6 1 5 910 3 4
 7 7 8 5 7 3 8 9 6 3 5 8 3 5 5 6 9 6 7 7 4 7 3 7 8 5 3 3 8 3 8 3 4 4 6 6 4 7 6 5 8 5 7 4 2 5 5 710 9 3 2 6 4 513 9 5 4 7 9 511 7 5 3 7 4 5 6 9 5 6 6 7 6 4 4 7 8 7 6 3 6 9 6 4 4 8 3 7 5 8 2 5 5 8 6 611
 4 3 4 8 8 4 8 9 9 510 5 4 5 5 3 7 6 3 3 6 4 5 5 6 4 5 6 8 410 5 5 3 8 2 6 6 5 7 3 3 7 710 310 7 6 8 4 6 5 3 4 5 6 6 5 5 4 5 7 3 6 6 6 8 4 7 9 3 9 6 810 8 7 9 8 4 4 8 3 4 610 4 6 7 510 4 3 711 4 5 7 6
 5 6 6 4 710 6 5 6 5 7 3 7 7 8 9 6 4 6 8 6 9 7 7 7 1 8 3 6 7 5 3 4 3 3 4 5 8 8 3 4 5 7 7 3 9 6 210 7 3 8 6 9 7 7 7 8 5 6 6 6 5 6 4 8 4 4 8 5 9 4 8 9 6 6 6 6 5 7 6 4 8 7 4 6 5 511 4 4 8 7 5 8 6 3 8 8 6
 7 7 8 5 7 4 4 3 6 3 6 7 3 6 7 511 7 2 7 8 9 9 4 5 5 3 7 6 8 6 8 5 8 4 6 4 9 4 3 5 5 5 8 7 3 5 7 8 8 7 6 2 7 7 7 5 3 4 5 6 2 8 6 8 5 6 4 710 4 5 6 6 5 7 5 3 5 8 5 6 9 5 7 3 6 4 7 6 3 4 6 3 7 6 911 3 4
 3 711 9 5 510 7 4 4 5 5 4 5 4 5 6 8 7 4 6 5 2 4 4 6 4 7 5 6 5 5 5 5 9 4 8 3 3 7 8 5 6 8 6 5 5 9 5 9 9 5 4 2 3 7 7 2 5 6 6 7 9 3 9 5 8 910 411 5 9 7 5 7 7 3 2 6 6 510 4 4 6 5 6 513 5 5 6 4 5 5 5 6 7 7
 4 6 4 5 6 9 4 7 7 4 4 6 5 9 5 6 6 7 8 3 710 6 7 5 4 5 7 7 1 8 9 4 9 5 3 1 6 7 6 512 7 7 9 5 8 8 7 4 5 7 4 6 8 8 5 7 6 8 2 9 312 6 9 6 7 5 2 5 4 7 4 6 5 5 7 5 6 5 8 9 6 5 7 9 8 2 9 4 4 4 7 710 4 5 4 2
 7 7 7 6 7 5 2 5 6 4 7 3 310 6 9 7 3 61012 7 5 7 3 4 4 5 6 4 7 6 5 410 8 7 610 4 6 7 910 7 7 9 4 3 7 6 6 4 4 5 6 4 7 7 5 6 310 6 6 5 711 5 3 4 4 7 6 6 5 6 4 7 8 6 4 6 6 4 713 2 6 6 5 8 7 5 8 5 4 6 6 8
 3 2 8 3 6 8 6 8 710 510 5 7 7 7 6 7 4 9 510 6 5 5 8 9 511 7 7 1 910 8 8 5 4 9 3 7 5 7 4 5 6 5 7 5 6 8 3 8 9 8 911 8 7 7 5 9 5 5 5 3 7 6 3 4 4 4 8 5 8 615 8 6 1 6 6 6 4 9 2 6 8 7 310 6 6 2 3 3 5 6 7 7
 7 4 7 3 4 3 4 5 7 7 5 211 7 7 3 7 8 511 6 6 5 6 6 5 7 5 4 6 8 4 6 8 6 8 6 6 2 9 5 6 8 7 6 7 6 2 7 5 3 5 3 7 6 3 5 4 6 9 3 3 1 7 6 8 7 7 7 7 6 7 6 3 6 6 311 5 711 3 5 8 810 6 4 2 4 7 811 7 8 510 8 8 7
 8 7 5 9 7 8 7 9 4 5 7 410 6 5 5 8 4 8 3 7 5 5 6 5 6 5 7 8 7 6 7 9 4 5 6 6 4 7 9 5 5 511 7 5 8 2 210 6 3 6 4 4 7 7 5 9 8 9 8 713 2 5 7 5 7 4 8 8 8 4 5 6 4 6 4 8 810 9 8 7 5 6 7 8 6 710 7 9 7 6 5 5 5 5
1011 6 3 5 7 6 3 5 4 6 5 6 7 6 7 7 2 7 8 8 6 4 7 7 5 8 7 6 5 5 8 610 7 2 9 6 8 7 7 8 911 7 5 7 7 6 4 1 9 6 6 6 6 9 7 811 7 1 3 7 8 4 5 6 6 5 2 9 5 6 3 9 7 810 5 8 3 4 6 6 8 4 7 8 4 9 6 6 3 5 7 7 5 7 3
 9 7 4 5 6 6 6 7 7 5 4 5 5 7 7 5 5 5 5 3 6 7 8 8 9 3 5 9 8 4 4 8 4 9 5 4 6 6 512 5 2 7 6 3 3 8 5 2 4 6 7 6 810 6 8 8 5 5 3 4 6 8 7 4 8 6 515 2 5 6 8 8 9 2 6 6 4 1 4 510 4 8 6 6 8 711 2 1 8 7 711 6 4 7
 7 9 5 7 7 5 710 5 3 7 6 5 5 7 615 3 6 8 4 3 4 7 6 2 3 9 4 4 6 7 3 7 4 2 5 4 5 6 4 3 7 6 7 9 7 8 5 7 5 6 2 4 8 6 6 2 4 7 5 1 7 5 7 4 4 411 8 4 7 3 4 2 4 4 4 7 4 5 7 6 7 6 6 2 5 7 5 7 2 5 5 4 3 5 8 5 9
10 7 7 8 3 6 5 9 5 8 510 5 6 8 7 4 4 2 4 9 9 6 6 3 7 5 2 6 5 2 5 4 3 6 9 5 5 410 5 9 6 6 8 8 61110 7 7 5 8 3 8 5 6 1 4 6 5 8 5 4 7 3 5 3 5 5 5 5 7 7 7 3 5 8 3 8 3 310 2 5 510 8 410 6 4 7 3 9 4 8 6 8 8
10 6 8 5 5 6 3 9 2 6 5 5 2 8 3 4 5 6 9 4 5 5 5 4 4 4 5 7 8 7 2 9 5 7 6 3 9 6 5 3 9 611 4 5 8 7 5 4 4 6 5 7 9 5 7 7 6 6 8 7 7 7 7 7 8 9 8 5 615 5 4 9 7 3 7 4 5 4 6 8 7 7 7 7 6 6 3 8 7 8 7 6 5 2 3 7 4 6
 7 8 6 3 7 9 1 8 615 6 7 4 7 8 3 6 2 7 7 7 7 1 7 4 9 6 8 8 9 5 7 7 6 8 7 3 7 7 7 4 8 6101015 3 7 7 810 6 6 5 1 5 2 1 6 8 8 711 7 5 2 9 7 3 5 4 7 3 8 5 6 9 5 6 1 5 6 3 515 8 8 8 6 3 5 6 311 4 7 6 7 9 3
10 7 3 9 7 7 311 6 3 7 311 5 7 4 5 5 7 4 7 3 7 7 4 8 4 2 7 5 7 7 7 4 2 6 7 5 510 211 4 5 6 6 8 9 8 7 610 5 9 5 7 3 6 6 310 8 6 9 5 3 3 7 7 8 7 2 5 5 2 7 4 4 6 7 4 6 6 7 6 511 5 3 4 7 4 5 7 4 6 2 6 6 2
 710 4 7 4 510 5 5 8 5 6 4 5 6 8 9 8 5 810 8 8 5 6 5 5 3 511 5 510 5 5 8 6 5 3 8 3 5 7 6 5 2 8 5 7 4 4 6 710 6 4 5 4 81110 6 5 810 3 8 2 7 3 7 410 6 5 2 8 3 4 5 6 7 8 4 6 4 8 7 5 510 6 4 4 5 9 6 7 8 6
 7 9 4 5 7 7 8 5 810 7 6 4 5 5 5 5 6 5 4 4 5 5 5 5 3 6 5 9 4 6 7 6 3 7 6 1 7 4 4 4 6 9 6 8 4 7 3 312 6 6 6 8 8 8 6 6 5 5 9 6 7 7 9 6 9 7 5 8 5 3 6 5 1 4 8 7 610 6 912 6 4 7 6 2 2 9 8 6 7 4 8 6 9 6 4 5
 8 6 7 8 4 7 6 4 7 5 2 6 7 311 2 4 5 3 7 5 6 7 7 6 7 4 6 5 712 3 3 3 6 5 6 7 5 8 5 810 4 2 6 6 8 9 3 7 4 6 7 5 7 5 6 4 7 8 9 4 3 3 5 5 7 8 8 9 5 4 9 511 5 4 4 8 8 7 5 6 8 4 6 5 6 7 5 6 411 9 4 3 7 7 5
 8 5 710 7 7 3 6 5 7 6 8 5 4 6 2 6 7 8 9 4 4 5 9 5 4 7 6 8 5 5 3 8 315 4 7 6 4 4 4 6 6 7 7 8 4 8 4 5 6 3 3 7 3 810 3 5 6 8 711 5 6 4 6 7 6 7 4 4 6 5 3 3 7 6 5 5 2 6 8 3 5 61010 5 6 8 7 4 6 3 7 5 310 4
 6 4 8 5 7 5 5 4 5 8 8 6 6 1 5 8 5 6 3 4 5 5 9 7 7 5 3 2 2 6 6 310 4 7 8 5 7 5 5 7 7 8 8 7 3 9 9 5 3 5 6 6 6 6 8 7 310 7 7 9 91112 9 4 510 6 6 5 6 8 6 6 4 310 7 9 7 7 6 3 7 2 610 7 710 3 7 2 6 8 8 7 5
 6 9 8 3 6 5 6 3 5 6 7 8 4 3 9 2 6 6 8 6 9 7 8 7 6 5 6 9 4 7 8 6 3 7 9 5 4 5 4 5 5 5 8 7 4 7 4 6 7 4 3 4 5 5 5 7 4 6 4 5 7 4 6 5 6 7 6 7 4 5 4 4 4 5 5 6 8 7 8 3 2 4 6 5 5 8 4 5 7 4 5 4 5 5 5 7 6 6 9 4
 6 310 9 4 6 7 5 8 6 4 6 6 7 6 7 810 810 9 5 6 4 6 8 5 8 8 4 5 4 2 5 5 7 3 2 5 8 5 9 2 8 4 7 5 4 5 7 6 7 5 7 4 4 5 4 5 9 4 9 3 7 5 4 8 8 5 5 7 610 8 6 9 4 7 6 9 8 5 4 5 8 7 2 3 4 6 8 4 7 3 7 6 6 6 5 2
 4 7 8 6 7 8 7 4 8 7 5 4 7 811 5 9 3 6 8 4 3 510 610 7 5 8 7 3 7 7 71110 8 5 9 5 7 2 4 6 6 5 5 5 7 3 6 5 8 2 5 6 310 4 8 5 7 5 4 4 8 5 8 4 6 7 3 6 6 5 4 7 8 2 5 5 7 8 6 4 5 5 5 4 5 7 8 9 9 7 7 8 8 7 4
 7 6 6 6 2 8 410 6 9 7 8 715 6 6 6 8 9 6 6 8 8 4 6 5 7 5 8 6 7 8 8 8 8 8 5 5 7 6 7 6 4 7 4 7 510 3 8 2 2 3 310 7 6 8 7 4 7 4 4 5 5 4 8 2 610 5 5 4 8 4 8 4 6 4 5 5 6 2 3 5 5 9 2 4 5 6 8 5 6 6 7 4 4 7 8
 4 5 7 7 5 7 7 7 6 7 3 8 9 3 6 3 5 3 7 4 611 4 2 7 6 4 6 6 3 8 4 2 5 7 5 4 3 2 4 5 5 5 6 7 7 410 9 7 7 7 4 6 6 6 6 7 7 8 9 6 7 1 4 4 2 6 5 7 2 6 4 6 5 6 9 6 3 7 6 4 4 6 7 5 6 9 8 5 6 5 5 3 6 3 7 5 5 7
 4 5 5 2 4 6 811 8 4 5 2 6 6 3 810 4 5 4 8 4 2 3 6 6 8 7 4 4 5 6 5 4 8 2 5 8 2 4 3 8 8 4 7 7 7 5 4 6 2 7 5 3 3 5 51011 5 9 8 6 8 5 9 8 6 6 5 5 5 5 4 4 9 7 2 4 5 6 9 7 7 2 7 4 4 610 6 5 8 9 410 7 5 7 4
10 7 8 6 9 6 3 2 6 7 6 9 5 3 9 9 3 4 4 5 3 6 1 3 8 5 8 8 8 6 611 7 2 9 9 7 6 4 4 3 7 7 7 7 8 7 7 6 6 4 5 8 2 5 5 3 7 5 7 7 3 6 3 6 7 9 8 8 5 7 3 5 3 7 6 6 5 6 8 6 2 9 6 3 610 7 4 6 7 4 4 9 5 9 5 1 7 6
 7 710 3 410 8 6 8 8 7 8 4 5 7 4 8 5 7 7 7 6 710 7 7 6 4 3 9 4 3 4 3 6 3 8 4 5 6 8 510 4 5 6 7 8 7 4 9 7 6 7 6 7 5 7 6 8 7 3 4 4 6 4 410 8 7 8 2 6 510 5 6 7 5 3 9 4 5 8 4 6 8 6 4 9 5 4 3 9 6 6 5 5 6 1
 8 6 7 5 6 5 3 511 6 5 7 8 5 415 4 510 6 5 9 2 7 515 7 8 9 8 5 8 9 6 6 9 4 8 6 7 5 5 4 3 3 4 4 2 4 710 8 4 7 8 2 5 3 3 4 9 5 7 410 711 6 4 5 6 2 8 3 9 6 5 5 4 8 6 210 3 8 8 8 7 6 5 8 8 6 7 5 7 3 7 4 8
 5 4 3 4 8 5 4 6 5 6 2 71011 6 7 110 6 611 5 8 5 6 7 4 5 5 7 2 4 4 5 5 7 3 6 7 5 6 4 7 5 5 6 2 6 7 5 6 3 4 7 6 9 8 6 9 6 810 2 8 6 3 5 5 3 410 7 3 3 7 3 6 3 8 6 7 1 6 3 4 5 5 510 5 510 6 5 6 6 6 5 4 4
 8 5 310 4 2 7 311 4 8 6 9 5 7 7 6 2 810 3 3 5 4 4 4 3 5 8 5 8 6 7 4 3 4 510 8 6 1 7 4 3 610 9 8 7 4 2 5 215 9 2 3 310 4 3 4 8 8 6 4 8 6 3 6 7 5 9 8 6 7 4 3 6 6 7 9 7 8 9 7 5 2 8 6 6 8 3 7 5 4 5 6 3 4
 5 7 3 8 5 9 4 3 4 8 6 6 6 8 5 7 8 7 7 7 6 6 6 2 8 3 7 7 7 9 4 710 8 9 6 311 4 5 7 6 5 8 7 2 6 8 2 4 9 3 3 7 7 7 8 4 5 8 2 5 6 4 410 8 6 9 2 6 6 5 3 5 5 7 4 5 8 4 4 8 4 2 9 7 3 5 710 2 8 8 4 5 4 8 6 5
 510 6 5 512 9 7 7 3 6 4 713 6 6 7 8 6 6 5 7 5 8 9 7 4 6 5 7 9 5 8 8 710 9 6 4 8 610 4 8 5 7 7 4 3 4 6 5 9 3 4 9 9 7 6 1 4 7 5 6 6 4 7 6 6 7 8 5 5 5 410 7 6 8 5 31110 6 5 5 3 513 4 5 7 2 3 8 3 8 8 510
 6 9 8 6 7 5 3 8 7 6 7 5 5 8 5 4 5 8 6 8 7 7 610 8 6 7 7 7 61113 8 5 4 6 9 4 3 4 3 4 8 4 5 5 5 7 7 5 6 6 5 7 5 7 7 4 9 8 5 6 5 8 4 9 7 7 7 5 9 7 4 5 9 7 6 5 710 8 8 7 4 6 3 510 6 4 7 3 4 6 6 51211 7 7
 3 5 2 7 7 5 2 8 9 4 6 5 5 8 5 7 410 611 7 8 3 8 8 7 8 5 8 8 511 6 9 7 3 410 9 5 4 6 5 4 5 5 2 4 6 6 6 8 3 5 5 6 7 5 7 6 8 3 5 9 4 6 4 3 8 7 6 213 6 3 4 4 9 5 5 8 9 7 3 5 5 6 6 9 5 3 5 5 6 5 9 7 6 6 3
 6 6 5 7 9 4 3 4 6 1 3 3 7 4 1 7 5 511 5 5 8 6 7 5 7 3 5 7 712 5 7 7 7 6 5 5 7 5 1 3 6 5 6 7 6 5 3 4 4 5 8 7 6 5 8 7 8 8 6 6 8 5 9 7 5 6 6 4 5 4 6 2 2 4 5 6 6 7 3 3 7 7 2 5 5 2 713 3 5 5 8 3 5 4 6 7 2
 5 6 6 7 5 5 3 5 5 6 2 4 7 9 5 8 5 7 4 510 3 6 3 4 8 5 5 7 710 5 3 710 3 4 8 3 9 4 7 4 5 7 6 9 3 5 6 5 7 7 3 5 4 5 6 8 2 7 7 7 5 5 4 9 7 2 8 3 6 8 7 4 7 5 611 4 6 5 4 7 7 3 310 4 7 3 7 8 2 8 5 5 4 4 8
 6 3 7 5 6 9 6 5 4 5 7 5 6 8 6 3 6 8 6 4 7 8 7 6 4 6 5 9 7 5 5 8 4 8 8 8 5 7 4 9 4 311 5 3 6 7 5 8 3 6 7 2 6 8 8 4 7 4 8 8 7 7 6 6 3 711 810 6 8 6 6 7 6 8 4 4 3 5 7 5 6 4 8 5 812 4 7 3 6 710 7 7 6 3 5
1110 6 7 5 3 4 6 5 8 4 3 8 4 8 9 7 7 5 7 4 8 510 7 5 5 6 5 2 4 2 8 8 4 6 4 6 4 6 7 3 7 3 9 2 7 8 8 6 310 7 6 3 6 8 5 5 7 6 6 5 5 4 4 7 3 4 6 5 3 5 8 3 6 5 510 6 8 9 6 8 5 7 5 6 6 8 7 6 7 9 7 4 8 8 9 7
 6 6 6 4 7 4 8 2 8 7 6 7 5 9 4 9 6 5 4 4 710 9 7 4 6 8 9 4 410 51010 5 6 5 9 9 2 6 6 7 6 7 7 3 3 5 7 7 2 4 7 5 5 8 2 3 3 3 5 2 3 8 5 3 6 6 5 7 6 4 6 5 6 4 7 5 7 4 6 6 6 6 8 6 6 9 6 9 5 5 2 5 5 7 6 8 8
 8 9 6 2 3 5 5 6 6 4 6 7 5 7 7 8 6 5 7 410 6 8 6 4 7 4 6 5 7 8 6 6 7 8 7 711 510 5 5 711 6 6 2 8 6 6 5 5 615 5 41010 3 5 7 7 8 8 4 8 5 9 7 5 6 9 8 8 2 9 6 7 8 5 4 7 2 5 410 9 7 7 7 5 6 7 3 7 7 5 4 7 9
 4 8 5 5 8 4 6 6 5 5 6 8 6 6 8 7 8 5 3 8 6 7 4 3 1 6 8 5 6 5 6 8 7 4 8 7 7 5 7 8 4 9 3 7 5 7 7 5 7 6 7 7 9 5 8 8 6 5 6 5 6 7 3 6 8 4 6 5 8 7 6 5 3 5 7 710 6 6 3 6 5 6 5 8 311 3 6 2 4 5 7 6 7 5 7 8 3 5
 9 4 9 5 6 6 411 7 3 7 6 9 510 6 9 4 3 7 8 5 9 4 8 7 5 6 6 4 4 5 7 8 5 7 6 5 5 6 4 7 4 5 6 5 6 4 8 8 4 4 7 5 6 5 4 3 5 6 6 3 410 4 8 2 5 6 3 1 7 4 9 510 710 7 8 6 8 5 8 5 7 6 4 9 9 7 7 2 7 7 9 7 8 7 6
 3 9 8 5 5 9 7 511 7 5 7 4 6 6 6 7 9 4 5 8 9 3 6 7 5 6 1 8 811 8 5 9 5 5 5 7 5 5 5 4 5 6 7 6 6 710 3 911 8 7 9 6 7 5 2 5 5 6 9 4 7 7 5 7 6 6 3 6 811 4 8 4 4 7 4 5 5 2 8 7 6 7 810 3 410 6 9 6 3 4 6 9 5
 3 4 6 5 8 7 8 1 6 2 8 2 6 7 8 3 8 7 5 2 7 6 3 6 6 8 7 5 7 9 7 5 4 811 5 7 7 4 7 6 3 5 7 8 8 9 6 3 5 5 610 711 8 210 7 2 4 8 3 5 7 3 4 4 4 6 9 4 2 4 5 3 4 5 3 7 7 8 7 8 9 3 4 5 5 3 2 7 9 8 611 610 5 5
 5 7 4 3 3 611 6 3 8 8 5 7 4 9 7 7 7 3 6 4 4 6 3 6 2 7 911 5 9 8 4 5 5 6 7 7 8 8 710 5 3 8 6 3 7 8 2 8 4 5 3 4 3 5 7 6 810 6 7 6 3 2 7 3 6 5 3 210 6 4 7 5 7 5 8 8 8 5 6 810 4 3 6 8 9 7 6 2 7 8 3 7 5 7
 610 4 1 8 5 8 5 8 9 7 6 3 9 5 7 7 6 7 6 3 7 6 7 2 2 4 4 5 7 9 6 6 8 7 3 7 512 3 9 5 4 4 3 6 6 5 5 4 3 5 4 7 5 4 4 3 7 7 8 8 6 3 6 3 7 6 8 6 5 6 6 4 7 5 9 5 9 4 7 4 5 5 6 613 4 7 6 9 8 6 6 9 2 6 8 610
 8 4 4 6 4 3 6 1 8 911 7 8 7 7 5 8 6 2 4 6 2 8 5 8 6 9 8 8 7 6 7 4 8 4 6 6 4 8 5 4 5 7 5 3 5 711 8 2 6 8 7 9 5 7 4 6 6 4 615 3 2 4 8 7 7 5 6 4 6 9 4 4 5 8 3 5 4 7 6 4 7 7 3 3 5 6 7 6 5 6 5 4 6 4 5 4 9
 2 9 5 2 5 8 4 8 8 5 7 411 6 7 9 3 511 7 6 3 7 7 9 7 7 3 4 4 5 5 5 7 9 4 1 5 5 5 6 8 6 6 6 6 8 7 7 5 4 510 9 8 6 7 5 5 8 2 3 8 3 6 2 3 5 6 6 3 4 9 4 6 4 3 2 4 9 7 4 5 8 5 9 7 6 7 5 9 7 2 5 7 9 615 9 6
 7 5 710 5 8 5 9 6 5 8 3 7 7 5 5 4 2 8 8 6 610 5 1 5 6 7 4 5 610 6 9 3 1 8 910 8 8 2 910 4 5 8 2 7 5 8 6 4 6 5 7 8 5 6 4 6 4 6 7 513 6 8 7 3 9 5 3 3 5 6 6 9 210 5 5 8 6 7 515 810 9 5 7 9 7 3 5 4 5 5 5
 7 6 7 4 310 6 4 7 6 6 4 8 6 5 7 6 6 6 6 410 7 8 5 7 4 5 4 2 6 4 5 5 2 2 7 5 5 911 8 2 5 4 7 510 1 6 4 6 8 8 5 6 7 5 7 7 7 7 8 7 7 8 7 4 5 6 6 8 7 5 7 6 7 7 9 4 2 7 7 7 8 8 6 5 7 4 2 9 4 8 3 2 3 5 7 4
 4 3 6 8 6 9 7 7 7 5 6 7 5 7 2 4 7 4 5 4 8 8 4 9 9 5 7 4 4 5 3 3 9 6 7 7 6 8 4 7 711 5 5 8 6 410 6 5 7 8 9 4 310 711 8 6 5 6 6 5 7 6 6 7 9 7 61010 6 7 6 1 610 2 4 6 510 5 8 5 6 9 711 5 5 810 7 4 3 7 6
 7 3 6 9 6 4 7 7 4 7 6 8 6 8 4 5 6 7 610 3 1 8 5 7 6 5 4 5 6 7 7 6 7 5 3 8 9 6 7 6 5 2 5 7 6 810 4 8 6 7 5 4 3 610 5 7 2 3 6 5 7 5 5 4 8 6 6 8 6 6 9 6 8 6 6 4 8 6 5 6 1 2 6 910 5 3 6 7 4 3 4 8 5 7 5 6
 7 5 3 6 2 5 5 7 7 5 7 7 5 6 211 7 5 7 6 8 7 8 3 4 6 6 4 7 4 9 511 6 5 5 6 6 3 6 510 6 6 8 6 9 8 4 8 6 610 2 6 6 5 5 7 6 6 31310 8 6 5 7 6 6 4 6 3 6 7 7 4 6 7 4 5 5 8 710 8 4 5 7 7 6 4 7 4 6 6 6 7 4 4
 4 4 6 7 5 6 8 7 6 810 7 4 6 8 4 5 5 7 4 5 2 5 4 6 7 7 8 3 4 3 7 7 7 9 4 5 4 9 6 4 6 6 4 9 3 3 6 7 7 7 5 8 7 7 811 5 3 3 9 3 6 6 5 8 5 4 8 4 7 610 6 6 4 810 5 6 710 5 4 4 5 6 3 6 6 4 7 5 6 7 7 4 5 8 5
 7 4 6 4 8 510 7 5 9 5 5 8 6 4 7 6 5 715 6 6 5 4 7 6 4 9 5 9 310 8 9 5 91011 6 5 6 4 4 4 6 7 8 5 311 410 611 9 3 7 7 7 5 6 210 3 5 4 2 5 3 710 4 9 8 6 6 6 5 5 6 5 6 6 5 5 610 4 710 7 6 4 6 6 5 9 9 3 5
 5 9 5 8 8 6 8 4 7 2 810 5 2 7 5 5 9 711 9 8 7 8 5 7 5 9 8 5 5 4 9 7 5 4 5 6 4 5 9 7 2 4 5 7 6 2 6 6 8 5 8 7 7 3 4 6 8 6 4 3 9 6 3 4 8 310 6 4 8 3 7 7 3 9 7 8 4 6 6 71010 4 4 6 6 6 512 5 4 5 7 7 1 8 5
 7 8 7 8 5 6 5 7 5 7 5 9 5 7 6 2 5 6 5 5 7 7 3 5 7 6 9 711 5 3 5 8 9 8 3 8 8 710 5 8 4 5 4 5 7 5 9 7 6 7 6 411 5 6 5 5 5 7 4 8 6 9 6 6 911 710 811 6 8 5 2 3 4 4 713 4 8 5 8 7 4 3 6 5 7 5 7 1 4 4 4 5 4
 8 8 7 5 5 3 7 4 1 8 8 8 7 5 8 5 7 5 6 6 6 2 6 8 4 3 8 8 7 5 7 710 5 4 4 5 7 7 410 3 4 3 8 9 5 5 1 7 5 6 610 3 7 8 4 4 9 5 7 4 8 8 9 4 7 6 8 8 7 8 8 6 5 4 2 5 7 6 6 4 6 3 4 5 8 5 7 5 5 810 9 4 7 5 6 5
 2 7 5 6 6 6 6 7 7 8 2 910 7 5 3 6 8 3 7 6 6 4 7 4 5 5 9 7 8 6 4 6 5 6 6 9 3 3 8 6 8 4 3 7 2 7 5 7 8 7 4 8 2 6 6 6 5 8 8 311 6 7 6 4 6 7 8 6 5 3 6 6 7 4 4 8 6 6 6 6 5 6 2 5 8 6 4 6 7 7 715 7 7 5 6 6 5
 6 4 7 510 7 6 711 2 5 5 4 5 2 6 8 9 7 5 6 5 6 4 7 8 9 9 3 3 4 5 7 4 810 6 410 4 5 5 4 6 7 8 7 6 3 4 5 2 8 8 4 3 9 7 8 4 4 7 9 9 310 7 5 9 3 6 3 7 5 6 5 5 4 210 5 3 7 7 8 3 5 4 312 6 7 7 1 7 8 3 5 5 7
 8 3 6 2 7 2 4 2 8 3 7 6 3 7 5 5 710 7 1 9 7 8 8 8 6 7 2 7 5 9 510 5 7 311 6 5 5 6 3 4 610 9 7 9 4 5 7 7 3 7 2 4 8 7 6 6 8 8 5 4 6 7 3 8 7 5 6 6 8 9 7 4 7 3 3 6 5 9 4 9 6 4 3 6 5 8 7 2 4 6 5 6 7 311 6
 5 5 6 8 9 3 7 5 7 7 8 310 5 7 3 4 5 6 1 4 5 6 6 2 7 4 7 7 2 5 9 6 5 3 5 4 9 7 4 7 2 7 4 7 6 5 6 210 6 6 5 5 4 6 6 6 6 7 8 3 5 3 711 8 4 5 5 5 3 9 5 6 6 9 7 7 4 4 6 9 6 7 6 8 5 6 6 6 9 5 4 4 2 3 7 5 4
 610 610 4 5 2 6 3 9 6 5 910 5 5 5 5 5 411 5 6 7 3 4 5 7 4 7 710 4 3 6 4 5 5 7 6 5 7 4 5 8 6 5 7 4 7 411 4 5 5 6 3 6 6 4 5 4 6 7 4 5 5 6 8 1 7 8 4 6 3 7 5 5 7 4 2 6 8 5 7 8 4 3 6 7 6 4 5 8 4 4 5 6 6 5
 7 7 9 5 6 4 9 2 3 4 6 4 7 510 4 9 810 6 7 3 4 9 7 5 6 5 9 3 2 6 7 5 7 711 5 8 5 4 4 7 6 4 2 8 6 7 2 3 6 8 5 8 7 8 5 7 4 3 5 9 6 4 5 5 4 8 8 9 5 5 4 4 711 810 5 812 8 4 4 6 8 3 7 5 8 6 4 6 3 7 7 8 8 4
 6 9 4 8 9 5 5 7 7 6 6 7 6 711 7 6 5 3 5 5 6 7 6 1 7 5 6 7 8 5 4 6 6 9 7 5 5 9 9 8 4 7 3 5 4 9 7 5 4 4 7 4 5 6 8 5 5 6 6 9 5 2 310 3 5 8 9 6 5 9 5 711 9 6 7 5 4 7 8 5 7 3 7 6 8 4 5 9 5 7 8 3 7 7 6 5 5
 8 4 7 5 810 4 4 2 5 5 5 2 3 6 2 3 9 4 7 4 6 7 7 9 8 3 5 4 6 5 5 5 5 7 6 5 8 5 5 9 4 9 4 6 5 3 6 5 6 5 3 8 6 3 5 3 4 7 6 8 6 7 5 8 7 810 6 5 3 6 7 6 8 515 8 5 7 510 9 5 5 3 4 3 4 7 9 6 6 9 3 5 8 8 8 6
 2 5 6 7 5 5 6 9 8 5 6 6 5 6 4 8 5 212 4 5 5 9 8 7 7 3 7 2 6 6 4 6 5 6 8 8 6 5 3 710 8 9 3 7 7 9 4 7 5 4 8 4 713 7 5 9 6 8 310 3 8 7 4 5 7 9 6 6 511 6 2 5 3 4 9 4 4 5 9 6 4 7 6 6 4 3 5 5 6 4 4 7 710 5
 3 6 5 6 7 6 8 710 8 7 610 3 5 6 8 613 813 6 9 8 6 4 8 410 9 3 3 7 9 8 7 7 6 3 5 3 7 6 3 9 3 4 5 8 9 1 7 4 8 4 3 6 5 4 9 7 4 5 6 6 8 3 6 410 6 4 5 710 4 8 3 7 610 3 6 6 4 3 6 8 6 4 5 6 4 610 6 2 7 7 4
 511 5 5 4 7 6 7 6 1 5 6 2 2 7 310 2 6 5 7 2 8 5 4 5 7 7 8 2 7 3 3 3 8 4 7 810 3 5 9 8 6 8 5 7 9 6 7 5 7 5 6 4 6 6 4 2 711 7 4 9 9 6 5 8 7 7 9 6 3 6 3 8 6 3 8 5 3 7 4 4 7 7 7 4 711 2 5 5 4 7 8 6 2 4 6
 6 610 5 6 6 5 5 4 4 810 5 5 7 3 2 9 7 7 6 6 6 8 6 8 7 2 6 3 7 6 410 6 5 5 4 7 7 9 6 811 7 4 7 7 2 8 7 411 7 4 3 7 2 8 6 6 710 6 6 4 6 9 4 5 7 5 6 3 5 9 6 5 4 5 7 5 8 6 8 6 7 9 6 9 7 6 6 6 5 5 6 8 7 4
 6 6 610 8 2 2 5 9 5 5 5 9 5 8 7 8 6 8 5 5 4 5 5 6 7 4 6 5 7 61011 4 4 610 5 4 6 710 51210 7 6 5 6 6 8 9 6 8 7 2 8 5 7 8 4 7 6 5 7 4 8 6 3 8 4 7 5 6 4 4 6 6 8 410 7 4 7 8 4 7 6 5 4 9 6 4 7 5 6 8 5 7 2
 6 5 9 7 8 5 9 7 2 7 8 8 4 410 8 7 3 5 4 5 7 7 5 3 5 4 4 5 6 711 6 5 5 8 7 3 7 8 4 5 8 5 7 7 5 5 4 5 9 4 6 510 2 5 3 7 6 5 6 411 6 3 6 4 5 4 3 7 8 6 7 413 9 711 6 9 6 4 4 6 7 6 7 4 9 7 4 3 910 6 8 9 9
 8 7 5 6 4 6 3 6 8 4 4 8 6 6 6 9 5 6 4 5 6 7 7 8 311 7 7 4 9 8 8 7 6 6 8 6 2 6 5 6 6 8 8 5 8 5 3 8 7 7 9 4 5 5 7 8 2 710 6 5 5 3 4 9 4 3 710 4 2 8 8 5 2 6 2 9 5 7 6 5 6 6 5 4 7 510 4 8 8 3 7 8 8 6 410
 4 6 5 5 6 5 6 8 6 8 7 8 7 4 6 4 5 7 8 7 7 5 2 6 9 4 6 7 7 6 5 5 2 5 4 7 5 6 5 7 9 5 6 7 6 6 4 6 8 7 610 7 7 7 5 6 6 9 8 3 3 810 4 8 5 5 6 5 6 3 4 6 7 6 8 7 3 6 4 5 6 6 610 5 3 3 4 6 6 4 5 5 9 710 5 4
 7 410 7 9 7 7 4 4 6 5 4 4 413 4 2 5 3 7 4 6 6 8 3 5 9 412 610 4 4 5 3 5 5 5 5 5 6 7 710 7 6 4 4 5 9 713 510 5 9 3 7 4 9 5 3 7 6 8 6 7 9 8 4 6 9 8 2 4 7 8 4 3 4 8 7 6 8 8 9 4 5 6 7 1 4 7 21110 7 711 8
 4 2 7 7 3 3 6 6 6 6 6 4 610 5 4 7 3 6 5 8 5 7 4 7 6 5 5 6 6 2 3 7 711 7 7 5 8 6 6 5 515 7 6 7 4 6 4 5 4 5 5 4 5 7 8 5 6 9 3 6 5 4 6 6 5 5 6 8 9 7 4 3 8 6 7 6 3 5 611 6 2 7 6 6 3 5 3 7 8 5 3 5 8 6 9 5
778
6 47 6 47
12 59 12 59
12 61 12 61
13 20 13 20
17 36 17 36
18 27 18 27
20 17 20 17
20 92 20 93
21 57 21 57
22 27 22 27
22 77 22 77
23 30 23 30
23 56 23 56
23 97 23 97
24 48 24 48
24 65 24 65
24 67 24 68
24 76 24 76
25 7 25 7
25 10 25 10
25 66 25 66
25 68 25 68
25 79 25 79
26 1 26 1
26 23 26 23
26 38 26 38
26 52 26 52
26 58 26 58
26 84 26 84
26 96 26 96
27 7 27 7
27 29 27 29
27 33 27 33
27 37 27 37
27 51 27 51
27 69 27 69
27 83 27 83
27 85 27 85
28 70 28 70
28 94 28 94
28 97 28 97
29 2 29 2
29 12 29 12
29 19 29 19
29 21 29 21
29 23 30 23
29 38 29 38
29 56 29 56
29 63 29 63
29 71 29 71
30 4 30 4
30 7 30 7
30 10 30 10
30 39 30 39
30 58 30 58
30 74 30 74
31 24 31 24
31 41 31 41
31 43 31 43
31 51 31 51
31 53 31 53
31 74 31 75
31 93 31 93
32 5 32 5
32 36 32 37
32 56 32 56
32 63 32 63
32 67 33 67
32 75 32 75
32 90 32 90
32 99 32 99
33 8 33 8
33 18 33 18
33 20 33 20
33 30 33 30
33 35 33 35
33 45 33 45
33 50 33 50
33 59 33 59
33 74 33 75
33 93 33 93
34 22 35 22
34 27 34 27
34 29 34 29
34 38 34 38
34 44 34 44
34 56 34 59
34 66 34 66
34 73 34 73
34 78 34 78
34 85 34 85
34 89 34 89
34 92 36 92
34 94 35 94
35 2 35 2
35 14 35 14
35 17 35 17
35 31 35 31
35 51 36 51
35 53 35 53
35 58 35 58
35 72 35 72
35 74 35 74
35 77 35 77
35 79 35 79
35 82 35 82
35 87 35 87
36 11 37 11
36 21 36 21
36 24 36 24
36 49 36 49
36 59 36 59
36 63 36 63
36 65 37 65
36 88 36 88
37 3 37 4
37 9 37 9
37 23 37 23
37 31 37 31
37 36 37 36
37 40 37 40
37 46 37 46
37 54 38 54
37 59 37 60
37 77 37 77
37 82 37 82
37 85 38 85
37 91 37 91
37 94 37 94
37 100 38 100
38 20 38 20
38 22 38 23
38 28 38 28
38 41 38 42
38 60 39 60
38 67 38 67
38 69 38 69
38 72 39 72
38 75 38 75
38 79 38 81
38 89 38 89
39 15 39 15
39 24 39 25
39 30 39 30
39 32 39 32
39 35 39 36
39 42 39 42
39 64 40 64
39 78 39 78
39 80 39 83
39 89 39 90
39 99 39 99
40 1 40 1
40 13 40 13
40 17 40 17
40 20 40 20
40 24 41 24
40 37 42 37
40 40 40 40
40 44 40 44
40 49 40 49
40 70 40 70
40 73 40 73
40 75 40 75
40 77 40 77
40 82 40 82
40 85 40 85
40 88 40 90
40 93 41 93
41 4 42 4
41 9 43 9
41 18 41 21
41 33 41 34
41 42 41 42
41 48 41 48
41 53 41 54
41 56 41 57
41 62 41 64
41 72 41 73
41 76 41 76
41 79 41 79
41 95 41 95
41 100 41 100
42 12 42 12
42 15 42 17
42 23 42 23
42 26 42 26
42 30 42 30
42 32 43 32
42 35 42 35
42 41 42 41
42 45 42 45
42 48 42 49
42 51 42 51
42 54 42 56
42 58 42 58
42 61 42 61
42 67 42 69
42 74 42 75
42 77 42 77
42 82 42 83
42 86 42 86
42 89 42 90
42 92 42 92
42 97 42 98
43 13 43 14
43 24 43 24
43 26 43 27
43 29 43 29
43 34 43 34
43 38 44 38
43 49 43 49
43 54 43 55
43 57 44 57
43 64 43 65
43 68 43 68
43 77 43 80
43 89 43 89
43 100 43 100
44 4 44 4
44 6 44 6
44 8 44 11
44 15 44 16
44 18 44 18
44 21 44 21
44 23 44 23
44 33 46 33
44 43 44 43
44 51 45 51
44 54 44 54
44 62 44 62
44 65 44 68
44 73 44 75
44 78 44 78
44 81 44 82
44 84 44 87
44 91 44 91
44 95 44 95
44 97 44 100
45 1 46 1
45 5 45 7
45 9 46 10
45 20 45 21
45 25 45 25
45 27 45 27
45 29 46 29
45 37 45 37
45 41 45 41
45 43 45 44
45 48 46 48
45 53 45 54
45 56 45 56
45 59 45 59
45 61 45 64
45 69 45 70
45 72 45 73
45 82 45 82
45 84 45 84
45 87 45 87
45 90 45 90
45 93 46 93
45 99 45 99
46 5 46 6
46 12 46 12
46 16 46 16
46 23 47 23
46 26 46 26
46 35 46 37
46 45 46 45
46 55 47 55
46 57 46 57
46 60 46 61
46 66 46 66
46 68 46 68
46 71 46 72
46 96 47 96
46 98 46 99
47 12 47 14
47 19 47 19
47 21 48 21
47 25 47 28
47 32 47 32
47 34 47 34
47 36 47 36
47 44 47 46
47 49 47 53
47 57 47 62
47 65 47 65
47 69 47 70
47 73 47 73
47 75 47 77
47 79 47 79
47 81 47 82
47 85 47 85
47 87 47 88
47 92 47 93
48 1 48 1
48 5 48 5
48 9 48 9
48 12 48 12
48 15 48 16
48 18 49 18
48 24 48 25
48 28 48 31
48 33 48 36
48 42 48 43
48 46 48 46
48 49 48 49
48 56 48 57
48 66 48 67
48 69 48 69
48 74 48 74
48 77 48 77
48 83 48 85
48 91 48 91
48 94 48 95
48 100 48 100
49 1 49 2
49 6 49 10
49 15 49 15
49 22 49 27
49 33 49 33
49 38 49 41
49 43 49 43
49 55 49 55
49 57 49 60
49 62 49 63
49 67 49 68
49 71 49 71
49 73 49 73
49 76 49 77
49 79 49 83
49 85 49 87
49 90 49 90
49 93 49 94
49 96 49 97
50 1 50 1
50 4 50 4
50 7 50 9
50 12 51 13
50 15 50 17
50 21 50 24
50 28 50 34
50 36 50 37
50 41 50 42
50 44 50 44
50 46 50 46
50 48 50 53
50 56 51 56
50 58 51 58
50 60 50 61
50 65 50 65
50 68 50 69
50 72 50 72
50 74 50 74
50 76 50 76
50 80 50 80
50 82 50 86
50 88 50 89
50 92 50 92
50 97 50 99
51 1 53 2
51 5 51 5
51 7 51 8
51 17 51 17
51 19 51 19
51 23 51 23
51 26 51 27
51 29 52 29
51 34 51 37
51 39 51 40
51 46 51 47
51 49 51 50
51 52 51 54
51 62 51 62
51 64 51 65
51 67 51 71
51 73 51 73
51 77 51 77
51 79 51 79
51 81 51 84
51 89 51 89
51 91 51 93
51 95 51 97
51 100 53 100
52 4 52 7
52 12 52 12
52 15 52 16
52 19 52 20
52 26 52 26
52 31 52 32
52 34 52 35
52 37 52 37
52 39 52 43
52 45 52 47
52 49 52 51
52 53 52 53
52 55 52 55
52 57 52 57
52 59 52 60
52 66 52 66
52 72 52 79
52 83 52 83
52 85 52 88
52 90 52 91
52 94 52 94
52 97 52 98
53 5 53 5
53 8 53 10
53 15 53 17
53 19 53 19
53 21 53 22
53 24 53 26
53 28 53 31
53 33 53 33
53 36 53 38
53 41 53 42
53 44 53 45
53 48 53 49
53 51 53 51
53 53 53 55
53 57 53 58
53 62 53 63
53 65 53 70
53 72 53 75
53 77 55 78
53 80 53 82
53 86 53 88
53 90 53 90
53 92 53 95
53 98 53 98
54 3 54 7
54 9 54 18
54 20 54 29
54 33 54 38
54 40 54 43
54 45 54 46
54 48 54 54
54 59 54 61
54 63 56 64
54 67 54 71
54 73 54 74
54 83 55 83
54 85 54 87
54 89 54 89
54 92 54 92
54 94 54 94
54 97 54 98
55 1 57 1
55 3 55 8
55 10 55 10
55 13 55 13
55 18 55 28
55 31 55 32
55 34 55 45
55 49 55 51
55 53 55 57
55 59 55 60
55 66 55 66
55 68 55 69
55 72 55 72
55 74 55 74
55 80 55 81
55 87 56 88
55 91 55 94
55 99 55 99
56 3 56 7
56 9 56 10
56 12 56 12
56 18 56 20
56 22 56 23
56 25 56 27
56 30 56 31
56 33 56 33
56 35 56 35
56 37 56 37
56 39 56 40
56 42 56 48
56 51 56 52
56 54 56 59
56 61 57 61
56 66 56 67
56 69 56 76
56 80 56 80
56 82 56 84
56 91 56 97
56 100 56 100
57 3 57 6
57 9 57 20
57 22 57 22
57 24 57 24
57 27 57 28
57 30 57 32
57 34 57 36
57 38 57 38
57 40 57 43
57 45 57 46
57 49 57 49
57 53 57 54
57 57 57 59
57 65 57 68
57 70 57 71
57 73 58 73
57 75 57 75
57 77 57 78
57 80 57 81
57 83 57 83
57 85 57 85
57 87 57 87
57 91 57 94
57 96 57 99
58 1 58 3
58 5 58 6
58 9 58 10
58 12 58 13
58 18 58 19
58 21 58 22
58 24 58 26
58 30 58 34
58 38 58 44
58 46 58 48
58 50 58 54
58 56 58 59
58 62 58 64
58 66 58 66
58 68 58 71
58 76 58 84
58 86 58 87
58 90 58 91
58 93 58 94
58 96 58 100
59 1 59 1
59 4 59 4
59 6 59 9
59 11 59 14
59 16 59 19
59 21 59 26
59 28 59 36
59 38 59 38
59 40 59 41
59 43 59 44
59 46 59 47
59 49 59 49
59 51 59 51
59 53 59 54
59 57 59 64
59 68 59 73
59 75 59 75
59 77 59 78
59 80 59 81
59 83 59 84
59 86 60 86
59 88 59 90
59 94 60 95
59 97 59 99
60 1 60 2
60 5 60 11
60 13 60 14
60 16 60 22
60 24 60 26
60 28 60 28
60 30 60 32
60 34 60 34
60 38 60 45
60 47 60 48
60 50 60 51
60 53 60 53
60 55 60 55
60 57 60 57
60 59 60 73
60 75 60 84
60 88 60 88
60 90 60 92
60 97 60 97
60 99 60 99
61 1 61 5
61 7 61 10
61 12 61 20
61 22 61 25
61 28 61 31
61 33 61 36
61 38 61 46
61 49 61 49
61 52 61 52
61 54 61 59
61 61 61 62
61 65 61 65
61 69 61 79
61 81 61 87
61 89 61 89
61 91 61 91
61 93 61 96
62 1 62 2
62 5 62 7
62 9 62 19
62 21 62 21
62 24 62 31
62 33 62 34
62 36 62 37
62 40 62 46
62 48 62 55
62 57 62 59
62 62 62 62
62 64 62 64
62 67 62 70
62 72 62 74
62 76 62 76
62 78 62 88
62 90 62 91
62 93 62 94
62 96 62 98
62 100 62 100
63 2 63 18
63 20 63 36
63 38 63 41
63 43 63 44
63 46 63 46
63 49 63 49
63 51 63 51
63 53 63 56
63 58 63 66
63 68 63 68
63 70 63 73
63 76 63 78
63 80 63 82
63 85 63 91
63 93 63 93
63 95 63 100
64 1 64 2
64 4 64 10
64 14 64 23
64 26 64 27
64 29 64 29
64 31 64 31
64 33 64 35
64 37 64 37
64 40 64 41
64 43 64 46
64 48 64 58
64 60 64 63
64 65 64 67
64 69 64 69
64 71 64 75
64 77 64 86
64 90 64 90
64 93 64 100
65 1 65 5
65 7 65 18
65 20 65 27
65 29 65 33
65 35 65 40
65 42 65 55
65 57 65 68
65 70 65 78
65 80 65 80
65 82 65 82
65 84 65 92
65 94 65 96
65 98 65 98
65 100 65 100
66 2 66 10
66 12 66 28
66 31 66 37
66 39 66 39
66 41 66 43
66 45 66 46
66 48 66 51
66 53 66 55
66 58 66 88
66 90 66 99
67 1 67 4
67 7 67 13
67 15 67 18
67 20 67 31
67 34 67 44
67 46 67 58
67 60 67 61
67 63 67 69
67 72 67 73
67 75 67 79
67 81 67 93
67 95 67 96
67 98 67 100
68 1 68 1
68 4 68 30
68 32 68 40
68 42 68 42
68 44 68 47
68 49 68 49
68 51 68 59
68 61 68 67
68 69 68 72
68 74 68 99
69 2 69 8
69 10 69 13
69 15 69 22
69 24 69 35
69 37 69 46
69 48 69 49
69 51 69 54
69 56 69 56
69 58 69 58
69 60 69 100
70 2 70 5
70 7 70 13
70 15 70 26
70 28 70 63
70 65 70 71
70 73 70 82
70 84 70 85
70 87 70 100
71 1 71 7
71 9 71 9
71 11 71 40
71 42 71 42
71 46 71 49
71 51 71 92
71 94 71 94
71 96 71 97
71 99 71 100
72 1 72 60
72 62 72 100
73 1 73 16
73 19 73 47
73 49 73 49
73 51 73 54
73 56 73 97
73 99 73 100
74 1 74 1
74 3 74 18
74 21 74 24
74 26 74 30
74 32 74 48
74 50 74 100
75 1 75 12
75 14 75 22
75 24 75 27
75 29 75 48
75 50 75 82
75 84 75 89
75 91 75 97
75 99 75 100
76 1 76 27
76 29 76 42
76 44 76 88
76 90 76 100
77 1 77 19
77 21 77 31
77 33 77 68
77 70 77 100
78 1 78 16
78 18 78 35
78 37 78 87
78 89 78 100
79 1 79 30
79 32 79 42
79 44 79 83
79 85 79 99
80 1 80 79
80 81 80 97
80 99 80 100
81 1 81 7
81 9 81 30
81 32 81 38
81 40 81 100
82 1 82 100
83 1 83 13
83 15 83 84
83 86 83 100
84 1 84 100
85 1 85 7
85 9 85 100
86 1 86 44
86 46 86 100
87 1 92 100
93 1 93 12
93 14 93 100
94 1 100 100
