674
6 46 6 47
6 47 7 47
12 58 12 59
12 59 13 59
12 61 12 61
13 18 13 20
17 36 17 36
18 27 18 27
18 38 20 38
19 38 19 39
20 16 20 17
20 44 20 44
20 63 21 63
20 92 20 93
21 11 22 11
21 14 21 15
21 14 22 14
21 35 23 35
21 57 21 57
22 23 22 23
22 27 23 27
22 30 23 30
22 34 22 35
22 53 22 53
22 60 22 60
22 62 22 62
23 6 23 6
23 18 23 19
23 45 23 45
23 48 23 48
23 56 23 56
23 62 23 63
23 70 24 70
23 72 23 72
23 87 26 87
24 10 25 10
24 47 24 48
24 65 24 65
24 67 24 68
24 68 25 68
24 76 24 76
24 78 24 78
24 86 24 87
24 94 24 94
25 7 25 8
25 12 26 12
25 23 26 23
25 31 26 31
25 33 25 33
25 37 25 38
25 38 26 38
25 44 25 44
25 46 27 46
25 52 26 52
25 55 25 55
25 73 25 73
25 79 25 79
25 90 25 90
25 93 25 94
26 27 26 28
26 35 26 35
26 42 26 42
26 44 26 47
26 58 26 58
26 63 26 63
26 84 26 84
26 92 26 92
26 94 26 95
26 95 27 95
27 7 27 7
27 27 27 30
27 29 28 29
27 33 27 33
27 37 27 37
27 50 27 51
27 51 28 51
27 54 27 56
27 54 28 54
27 56 28 56
27 59 27 60
27 62 27 63
27 62 28 62
27 68 27 69
27 71 27 71
27 78 28 78
27 83 28 83
27 85 27 85
27 90 29 90
27 93 27 93
28 11 28 13
28 12 29 12
28 24 28 24
28 35 28 37
28 36 34 36
28 49 28 49
28 64 28 67
28 70 28 71
28 73 28 73
28 88 28 95
29 2 29 2
29 7 31 7
29 18 29 19
29 18 30 18
29 21 29 24
29 23 30 23
29 33 29 33
29 38 29 39
29 39 31 39
29 53 29 54
29 56 29 58
29 57 30 58
29 70 29 74
29 74 30 74
29 80 29 81
29 81 30 81
30 4 30 4
30 20 30 21
30 29 30 29
30 33 30 34
30 36 30 37
30 39 30 40
30 51 30 51
30 65 30 65
30 67 30 69
30 67 97 67
30 84 30 85
30 87 30 88
30 87 31 87
30 93 30 93
31 17 31 18
31 24 31 26
31 28 31 34
31 41 31 44
31 41 32 41
31 47 31 47
31 50 31 53
31 64 31 65
31 71 31 71
31 74 31 78
31 75 32 76
31 82 32 82
32 5 32 5
32 12 32 13
32 12 33 12
32 15 32 17
32 16 33 16
32 23 32 24
32 26 32 28
32 35 32 38
32 43 32 49
32 44 33 45
32 53 32 56
32 55 33 56
32 58 32 61
32 59 100 59
32 63 33 64
32 67 32 70
32 70 33 70
32 79 32 79
32 89 32 90
33 7 33 8
33 20 33 20
33 23 33 31
33 24 34 25
33 33 33 37
33 39 33 41
33 40 39 40
33 47 33 52
33 50 34 52
33 66 35 68
33 74 33 76
33 78 33 80
33 78 34 78
33 80 34 80
33 83 33 84
33 86 33 88
33 87 36 88
33 93 33 93
34 9 34 10
34 10 35 10
34 12 34 13
34 16 34 17
34 17 35 17
34 19 34 19
34 21 34 22
34 27 34 32
34 32 36 32
34 38 34 40
34 44 34 48
34 44 35 46
34 55 34 76
34 56 37 57
34 61 35 64
34 62 97 62
34 71 35 72
34 82 34 90
34 82 47 82
34 85 35 88
34 85 39 85
34 92 34 92
35 19 35 24
35 29 35 38
35 35 36 38
35 40 35 42
35 42 98 42
35 48 35 51
35 53 35 59
35 74 35 77
35 79 35 83
35 91 35 92
36 15 36 16
36 15 37 15
36 18 36 25
36 27 36 30
36 40 36 47
36 40 38 45
36 49 36 65
36 59 99 60
36 69 36 71
36 73 36 73
36 80 36 85
37 17 37 17
37 19 37 36
37 26 38 26
37 28 38 33
37 38 37 54
37 47 38 52
37 59 37 69
37 71 37 75
37 74 100 74
37 77 37 77
37 79 37 83
37 88 37 89
38 16 38 24
38 16 41 17
38 16 46 16
38 35 38 37
38 54 38 56
38 58 38 85
38 69 39 83
38 87 43 87
38 89 39 90
39 15 39 38
39 19 40 26
39 37 99 38
39 42 39 47
39 49 39 67
40 11 41 11
40 13 40 13
40 29 40 54
40 33 41 40
40 56 40 84
40 65 42 70
40 81 41 84
40 87 40 90
40 93 40 93
41 8 41 8
41 19 41 31
41 42 41 79
41 48 42 63
41 55 98 55
41 86 41 87
42 8 42 10
42 10 43 10
42 12 42 19
42 12 43 12
42 14 43 16
42 18 43 18
42 22 42 46
42 23 43 45
42 41 96 42
42 73 42 89
42 79 43 82
42 80 45 82
42 89 43 89
42 97 42 98
43 21 43 21
43 47 43 50
43 52 43 77
43 64 97 65
43 64 99 64
44 5 44 6
44 8 44 11
44 10 45 11
44 13 44 13
44 15 44 18
44 16 45 18
44 20 44 57
44 20 45 23
44 59 44 86
45 14 46 14
45 25 45 78
45 37 49 77
45 92 45 92
45 99 46 99
46 11 46 12
46 12 48 12
46 23 46 80
46 84 46 84
46 86 46 86
46 91 46 91
47 19 47 80
47 20 57 20
47 22 48 78
47 85 47 86
47 85 48 85
47 88 50 88
47 92 47 92
47 95 47 95
48 5 49 5
48 10 48 10
48 16 48 18
48 81 55 81
48 83 54 83
48 92 48 94
48 94 49 94
49 9 49 10
49 13 51 13
49 15 49 15
49 17 49 35
49 79 49 79
49 86 49 88
49 86 53 86
50 8 50 8
50 15 50 17
50 16 55 16
50 20 50 69
50 71 50 86
50 77 55 78
50 99 50 99
51 10 52 10
51 16 51 21
51 23 51 79
51 83 51 88
51 85 52 87
52 7 52 8
52 14 52 16
52 20 52 83
52 22 57 22
52 24 53 81
52 89 52 89
53 5 53 5
53 9 53 10
53 9 54 9
53 16 53 22
53 83 53 84
53 88 53 89
54 3 54 3
54 14 54 81
54 18 55 75
54 85 54 90
54 85 57 85
54 87 55 88
54 87 57 87
55 13 55 14
55 83 55 85
56 9 57 10
56 10 58 10
56 17 57 18
56 20 56 83
56 24 57 81
56 24 58 78
56 85 56 88
56 92 57 92
57 12 57 13
58 8 58 8
58 16 58 19
58 18 59 19
58 19 60 19
58 21 58 22
58 21 60 21
58 80 58 82
58 82 64 82
58 84 58 87
58 86 62 86
59 7 59 8
59 14 59 16
59 23 59 86
59 23 68 23
59 79 61 79
60 6 60 6
60 13 60 14
60 16 62 17
60 25 60 87
60 81 61 87
61 10 61 12
61 12 63 12
61 20 61 77
61 21 64 24
61 89 61 90
61 90 62 90
62 12 62 13
62 21 62 84
62 26 64 80
63 10 63 10
63 14 63 14
63 16 63 86
63 84 64 86
63 97 63 97
64 9 64 10
64 12 64 17
64 13 66 13
64 15 66 15
64 94 64 94
65 17 65 78
65 17 66 69
65 19 67 21
65 20 68 21
65 80 65 86
65 81 66 83
65 81 67 82
65 88 65 89
65 91 65 92
66 7 66 7
66 10 66 10
66 71 66 79
66 79 67 79
66 85 66 87
66 89 66 90
67 8 67 9
67 8 68 8
67 12 68 13
67 12 69 12
67 16 67 17
67 23 67 77
67 25 68 75
67 37 73 75
67 84 73 84
67 86 67 88
67 88 68 88
68 16 68 18
68 79 68 86
68 83 70 84
68 90 68 92
69 4 70 4
69 15 70 15
69 18 69 20
69 19 70 20
69 22 69 81
69 22 70 25
69 24 87 24
69 27 70 81
69 83 69 87
69 87 70 87
69 89 69 90
69 89 70 89
69 94 69 95
69 95 70 95
70 8 71 8
70 10 70 11
70 17 70 17
71 14 71 19
71 17 72 19
71 21 71 21
71 23 71 77
71 26 73 35
71 79 71 85
71 87 71 88
71 88 72 88
71 94 71 94
72 21 72 82
72 77 73 82
72 84 72 86
73 11 73 17
73 11 74 11
73 13 74 15
73 19 73 24
73 86 73 87
74 17 74 20
74 22 74 84
74 24 83 33
74 82 75 84
74 83 76 83
74 92 75 92
74 96 74 96
75 10 76 10
75 12 76 13
75 18 75 80
75 18 76 71
75 20 78 22
75 86 75 87
75 86 78 86
75 97 75 97
76 6 76 6
76 73 76 81
76 85 76 86
76 94 76 95
77 9 77 9
77 11 77 12
77 16 77 86
77 17 81 18
77 17 83 17
77 24 78 79
77 81 78 83
77 82 79 83
77 88 77 88
78 12 78 13
78 13 79 13
78 15 78 15
78 89 78 90
78 89 79 89
78 95 78 95
78 100 78 100
79 15 79 18
79 20 79 80
79 22 80 79
79 22 82 76
79 91 79 91
80 6 80 6
80 14 80 15
80 14 81 14
80 17 80 20
80 83 80 84
80 86 83 86
80 93 80 94
81 20 81 82
81 78 82 81
81 86 81 87
81 92 81 92
81 95 81 95
82 9 83 9
82 12 82 13
82 19 82 19
82 85 82 92
83 11 83 11
83 19 83 22
83 35 83 81
83 53 84 80
83 72 85 80
83 77 99 77
83 84 87 84
84 16 84 20
84 22 84 51
84 23 86 48
84 34 94 45
84 82 84 84
85 4 85 4
85 13 86 13
85 15 85 16
85 18 85 70
85 20 86 21
85 52 98 52
85 82 85 86
85 82 86 85
86 7 86 9
86 8 87 9
86 17 86 18
86 50 86 80
86 58 87 78
86 89 86 90
86 94 87 94
87 13 87 14
87 19 87 22
87 21 91 22
87 26 87 56
87 26 90 50
87 80 87 82
87 86 87 86
87 88 87 90
88 10 88 13
88 11 89 11
88 16 88 18
88 16 90 16
88 20 88 84
88 20 89 82
88 52 90 69
88 55 95 57
88 57 99 57
88 71 90 79
88 86 88 88
89 15 89 16
89 89 89 89
89 92 89 92
90 9 90 9
90 13 90 14
90 13 91 13
90 19 90 24
90 19 91 19
90 81 90 83
90 87 91 87
91 15 91 17
91 24 91 26
91 28 91 84
91 50 92 75
91 59 94 72
91 77 92 80
92 12 92 15
92 14 93 15
92 17 92 19
92 21 92 48
92 82 92 88
92 84 93 85
92 88 93 88
92 91 92 91
92 97 92 97
93 5 93 5
93 17 93 81
93 18 94 32
93 19 95 20
93 20 99 20
93 47 94 57
93 48 98 49
94 4 94 4
94 7 94 7
94 16 94 16
94 74 94 87
94 80 97 82
94 89 94 89
94 95 94 96
95 6 95 6
95 8 95 8
95 11 95 12
95 15 95 15
95 17 95 17
95 22 95 34
95 33 98 33
95 36 95 53
95 44 96 50
95 44 98 46
95 62 95 84
95 69 97 78
95 70 98 77
95 73 99 75
96 5 96 5
96 10 97 10
96 15 96 16
96 19 96 27
96 29 96 39
96 52 96 55
96 59 96 82
96 84 96 85
96 91 96 92
97 14 97 25
97 18 98 21
97 27 97 52
97 36 98 40
97 40 99 40
97 55 97 60
97 84 97 86
97 86 98 86
97 89 97 91
98 3 98 5
98 11 98 11
98 24 98 30
98 57 98 61
98 66 98 68
98 80 98 83
98 81 99 83
98 88 98 89
98 93 98 93
99 11 99 12
99 15 99 18
99 23 99 24
99 27 99 33
99 35 99 35
99 42 99 48
99 43 100 46
99 50 99 52
99 54 99 55
99 62 99 62
99 67 99 71
100 13 100 15
100 18 100 19
100 26 100 30
100 32 100 37
100 39 100 41
100 49 100 51
100 55 100 56
100 61 100 64
100 67 100 72
100 79 100 79
100 81 100 84
100 86 100 86
100 90 100 90
