30
10000000000 100000
10000000000 100000
10000000000 100000
10000000000 100000
10000000000 100000
10000000000 100000
10000000000 100000
10000000000 100000
10000000000 100000
10000000000 100000
10000000000 100000
10000000000 100000
10000000000 100000
10000000000 100000
10000000000 100000
10000000000 100000
10000000000 100000
10000000000 100000
10000000000 100000
10000000000 100000
10000000000 100000
10000000000 100000
10000000000 100000
10000000000 100000
10000000000 100000
10000000000 100000
10000000000 100000
10000000000 100000
10000000000 100000
10000000000 100000
